<?xml version="1.0"?>
<opencv_storage>
<Distortion type_id="opencv-matrix">
  <rows>4</rows>
  <cols>1</cols>
  <dt>d</dt>
  <data>
    -2.2381101793902911e-001 1.7870866400405205e-001
    -7.2202582327435096e-003 -3.0048621216505504e-003</data></Distortion>
</opencv_storage>
