<?xml version="1.0"?>
<opencv_storage>
<Intrinsics type_id="opencv-matrix">
  <rows>3</rows>
  <cols>3</cols>
  <dt>d</dt>
  <data>
    6.9260014022186272e+002 0. 3.4917526980170237e+002 0.
    6.9257723124804522e+002 2.0866728325259254e+002 0. 0. 1.</data></Intrinsics>
</opencv_storage>
