<?xml version="1.0"?>
<opencv_storage>
<rotation type_id="opencv-matrix">
  <rows>1</rows>
  <cols>3</cols>
  <dt>d</dt>
  <data>
    -2.2724275798580731e+000 -2.2919577169124739e+000
    2.1719152283342527e-001</data></rotation>
</opencv_storage>
