<?xml version="1.0"?>
<opencv_storage>
<translation type_id="opencv-matrix">
  <rows>1</rows>
  <cols>3</cols>
  <dt>d</dt>
  <data>
    -3.5262606475002181e+000 -2.1865552120097673e+000
    6.7987321703303863e+001</data></translation>
</opencv_storage>
