<?xml version="1.0"?>
<opencv_storage>
<Intrinsics type_id="opencv-matrix">
  <rows>3</rows>
  <cols>3</cols>
  <dt>d</dt>
  <data>
    4.4796205945577130e+003 0. 3.0992927756395812e+002 0.
    4.5336070754679804e+003 2.4684381338501518e+002 0. 0. 1.</data></Intrinsics>
</opencv_storage>
